364 0 391
364 0 392
364 0 393
364 0 394
364 0 395
364 0 396
364 0 397
364 0 398
364 0 399
364 0 400
364 0 401
364 0 402
364 0 403
364 0 404
364 0 405
364 0 406
364 0 407
364 0 408
364 0 409
365 0 391
365 0 411
365 0 412
365 0 413
365 0 414
365 0 415
365 0 405
365 0 417
365 0 404
365 0 419
365 0 420
365 0 421
365 0 422
365 0 423
365 0 424
365 0 409
366 0 405
366 0 427
366 0 428
366 0 419
366 0 398
366 0 431
367 0 391
367 0 433
367 0 434
367 0 419
367 0 401
367 0 424
368 0 438
368 0 439
368 0 440
368 0 441
368 0 442
369 0 391
369 0 444
369 0 445
370 0 446
370 0 447
370 0 392
370 0 391
370 0 450
370 0 451
371 0 452
371 0 453
371 0 454
371 0 455
372 0 391
372 0 457
372 0 458
372 0 411
372 0 431
373 0 391
373 0 462
373 0 445
374 0 391
374 0 465
374 0 466
374 0 404
374 0 468
374 0 469
374 0 470
374 0 471
374 0 434
374 0 473
374 0 474
374 0 424
375 0 391
375 0 465
375 0 478
375 0 479
375 0 480
375 0 405
375 0 482
375 0 469
375 0 431
376 0 465
376 0 401
376 0 487
376 0 468
376 0 405
377 0 457
377 0 491
378 0 391
378 0 405
378 0 494
378 0 495
378 0 496
378 0 469
378 0 431
379 0 391
379 0 500
379 0 501
379 0 502
379 0 503
379 0 504
380 0 391
380 0 506
380 0 480
380 0 508
380 0 445
380 0 510
380 0 511
380 0 419
380 0 409
380 0 431
381 0 445
381 0 466
381 0 469
381 0 504
381 0 431
382 0 391
382 0 521
382 0 424
383 0 391
383 0 524
383 0 419
383 0 405
383 0 401
383 0 447
383 0 431
384 0 530
384 0 531
385 0 391
385 0 533
385 0 468
385 0 424
385 0 431
386 0 391
386 0 538
386 0 530
386 0 469
386 0 451
387 0 391
387 0 530
387 0 544
387 0 545
387 0 546
388 0 547
388 0 442
389 0 549
389 0 550
389 0 551
390 0 552
390 0 553
390 0 554
390 0 457
390 0 556
390 0 557
390 0 409
391 1 0
391 1 1
391 1 2
391 1 3
392 1 4
392 1 5
392 1 6
393 1 7
393 1 8
393 1 9
393 1 10
394 1 11
394 1 12
395 1 13
395 1 14
395 1 15
395 1 16
395 1 17
395 1 18
396 1 19
396 1 20
397 1 21
397 1 22
397 1 23
397 1 24
397 1 25
398 1 26
398 1 27
398 1 28
399 1 29
399 1 30
399 1 31
399 1 32
399 1 33
399 1 34
400 1 35
400 1 36
400 1 37
401 1 38
401 1 39
401 1 40
401 1 41
402 1 42
402 1 43
402 1 44
403 1 45
404 1 46
405 1 47
406 1 48
407 1 49
408 1 50
408 1 51
409 1 52
391 1 53
391 1 54
391 1 55
391 1 56
391 1 57
391 1 58
411 1 59
411 1 60
411 1 61
411 1 62
411 1 63
412 1 64
412 1 65
412 1 66
412 1 67
413 1 68
413 1 69
413 1 70
413 1 71
413 1 72
414 1 73
414 1 74
414 1 75
414 1 76
415 1 77
405 1 78
417 1 79
404 1 80
419 1 81
419 1 82
419 1 83
419 1 84
419 1 85
420 1 86
421 1 87
422 1 88
422 1 89
422 1 90
423 1 91
423 1 92
423 1 93
423 1 94
424 1 95
424 1 96
424 1 97
409 1 98
409 1 99
409 1 100
409 1 101
409 1 102
409 1 103
409 1 104
405 1 105
405 1 106
427 1 107
427 1 108
427 1 109
428 1 110
428 1 111
428 1 112
419 1 113
419 1 114
419 1 115
398 1 116
431 1 117
391 1 118
391 1 119
391 1 120
391 1 121
433 1 122
433 1 123
433 1 124
433 1 125
434 1 126
419 1 127
401 1 128
401 1 129
424 1 130
424 1 131
438 1 132
438 1 133
438 1 134
438 1 135
439 1 136
440 1 137
441 1 138
441 1 139
441 1 140
442 1 141
442 1 142
442 1 143
442 1 144
442 1 145
391 1 146
444 1 147
445 1 148
445 1 149
446 1 150
446 1 151
447 1 152
447 1 153
392 1 154
391 1 155
391 1 156
391 1 157
450 1 158
451 1 159
452 1 160
452 1 161
452 1 162
452 1 163
453 1 164
453 1 165
454 1 166
455 1 167
455 1 168
391 1 169
457 1 170
458 1 171
458 1 172
458 1 173
411 1 174
411 1 175
411 1 176
411 1 177
411 1 178
411 1 179
411 1 180
411 1 181
431 1 182
391 1 183
462 1 184
462 1 185
445 1 186
391 1 187
391 1 188
391 1 189
391 1 190
391 1 191
391 1 192
391 1 193
391 1 194
465 1 195
465 1 196
465 1 197
465 1 198
465 1 199
466 1 200
466 1 201
466 1 202
466 1 203
466 1 204
466 1 205
404 1 206
466 1 207
468 1 208
468 1 209
468 1 210
468 1 211
468 1 212
469 1 213
469 1 214
470 1 215
470 1 216
471 1 217
471 1 218
434 1 219
473 1 220
474 1 221
424 1 222
391 1 223
391 1 224
391 1 225
465 1 226
478 1 227
478 1 228
479 1 229
479 1 230
480 1 231
405 1 232
405 1 233
482 1 234
482 1 235
482 1 236
469 1 237
469 1 238
431 1 239
465 1 240
465 1 241
401 1 242
401 1 243
487 1 244
468 1 245
405 1 246
457 1 247
457 1 248
491 1 249
391 1 250
391 1 251
391 1 252
405 1 253
405 1 254
405 1 255
405 1 256
494 1 257
494 1 258
494 1 259
494 1 260
494 1 261
494 1 262
495 1 263
495 1 264
495 1 265
496 1 266
496 1 267
469 1 268
431 1 269
431 1 270
391 1 271
391 1 272
391 1 273
391 1 274
391 1 275
391 1 276
500 1 277
501 1 278
502 1 279
503 1 280
503 1 281
504 1 282
391 1 283
391 1 284
506 1 285
480 1 286
508 1 287
445 1 288
510 1 289
510 1 290
510 1 291
510 1 292
510 1 293
511 1 294
511 1 295
511 1 296
419 1 297
419 1 298
409 1 299
431 1 300
445 1 301
466 1 302
469 1 303
504 1 304
431 1 305
391 1 306
521 1 307
424 1 308
424 1 309
391 1 310
524 1 311
419 1 312
405 1 313
401 1 314
401 1 315
447 1 316
431 1 317
530 1 318
531 1 319
391 1 320
391 1 321
391 1 322
391 1 323
391 1 324
391 1 325
419 1 326
419 1 327
468 1 328
468 1 329
424 1 330
424 1 331
431 1 332
391 1 333
538 1 334
530 1 335
530 1 336
469 1 337
451 1 338
451 1 339
391 1 340
391 1 341
391 1 342
391 1 343
530 1 344
544 1 345
545 1 346
545 1 347
546 1 348
546 1 349
546 1 350
547 1 351
442 1 352
549 1 353
550 1 354
550 1 355
551 1 356
552 1 357
553 1 358
554 1 359
457 1 360
556 1 361
557 1 362
409 1 363
340 2 559
341 2 560
341 2 561
341 2 562
342 2 563
342 2 564
343 2 565
343 2 566
343 2 562
344 2 567
344 2 568
344 2 569
345 2 570
345 2 571
346 2 572
346 2 573
346 2 574
346 2 575
347 2 576
347 2 577
348 2 578
348 2 579
349 2 580
349 2 581
350 2 582
310 2 583
310 2 584
310 2 585
310 2 586
310 2 587
311 2 588
311 2 589
311 2 590
311 2 591
311 2 592
312 2 593
312 2 594
312 2 595
312 2 596
312 2 597
313 2 598
313 2 599
314 2 600
314 2 601
314 2 602
315 2 603
315 2 604
315 2 605
315 2 606
315 2 607
316 2 608
316 2 609
316 2 610
317 2 611
317 2 612
317 2 613
317 2 614
317 2 615
318 2 592
318 2 578
318 2 616
318 2 617
318 2 595
318 2 618
319 2 597
319 2 619
319 2 620
319 2 621
320 2 622
320 2 591
320 2 623
320 2 624
321 2 597
321 2 625
321 2 626
321 2 627
322 2 628
322 2 629
322 2 630
323 2 631
323 2 632
323 2 633
324 2 634
324 2 562
324 2 621
325 2 635
325 2 636
325 2 637
326 2 638
326 2 574
327 2 639
327 2 640
328 2 641
328 2 581
328 2 591
329 2 642
329 2 643
329 2 581
329 2 644
330 2 645
330 2 646
330 2 562
331 2 646
331 2 562
332 2 647
332 2 648
333 2 593
333 2 581
334 2 649
334 2 581
334 2 594
334 2 591
335 2 650
335 2 562
336 2 651
336 2 591
336 2 586
337 2 642
337 2 580
337 2 643
337 2 581
338 2 652
338 2 653
339 2 654
339 2 655
339 2 656
339 2 574
351 2 657
351 2 562
352 2 642
352 2 658
352 2 659
352 2 660
352 2 661
352 2 614
352 2 615
352 2 662
353 2 576
353 2 663
353 2 640
353 2 664
354 2 665
354 2 564
355 2 666
355 2 564
355 2 594
355 2 667
356 2 668
356 2 618
356 2 596
356 2 669
357 2 670
357 2 671
357 2 672
357 2 673
357 2 594
358 2 662
358 2 613
358 2 674
358 2 675
358 2 663
358 2 676
358 2 657
359 2 677
359 2 678
360 2 679
360 2 680
361 2 668
361 2 626
362 2 681
362 2 609
363 2 574
363 2 682
363 2 683
363 2 591
250 2 685
250 2 562
251 2 686
251 2 661
252 2 687
252 2 688
253 2 689
253 2 666
253 2 690
254 2 600
254 2 581
254 2 691
254 2 692
255 2 693
255 2 632
256 2 694
256 2 562
256 2 695
257 2 696
257 2 591
257 2 697
258 2 698
258 2 594
259 2 699
259 2 700
259 2 701
260 2 642
261 2 570
261 2 702
262 2 703
262 2 704
262 2 705
263 2 706
263 2 707
263 2 708
264 2 709
264 2 562
265 2 561
265 2 662
266 2 710
267 2 711
267 2 642
267 2 562
267 2 580
267 2 712
267 2 713
267 2 714
267 2 715
267 2 716
268 2 717
268 2 718
268 2 719
269 2 720
270 2 721
270 2 722
240 2 723
240 2 562
241 2 724
241 2 725
241 2 628
241 2 624
242 2 608
242 2 654
243 2 726
243 2 727
243 2 728
244 2 729
244 2 730
245 2 580
245 2 731
245 2 695
246 2 618
246 2 592
246 2 655
246 2 732
246 2 591
246 2 608
187 2 733
188 2 672
188 2 734
188 2 608
188 2 591
189 2 735
189 2 710
189 2 726
190 2 662
190 2 704
190 2 736
190 2 737
191 2 576
191 2 738
191 2 631
191 2 736
191 2 562
192 2 739
193 2 740
193 2 682
193 2 628
193 2 725
194 2 741
194 2 742
195 2 682
195 2 743
195 2 628
195 2 590
196 2 744
196 2 592
196 2 655
196 2 564
196 2 745
197 2 623
197 2 683
198 2 746
198 2 736
198 2 561
199 2 578
199 2 575
200 2 653
200 2 608
200 2 747
200 2 748
200 2 749
201 2 750
201 2 673
202 2 751
203 2 626
203 2 752
203 2 695
203 2 748
203 2 753
204 2 754
205 2 755
205 2 562
206 2 756
206 2 732
206 2 757
207 2 618
208 2 591
208 2 595
208 2 623
209 2 758
209 2 759
210 2 590
211 2 663
211 2 760
211 2 761
212 2 762
212 2 763
212 2 728
213 2 616
213 2 562
214 2 642
214 2 568
214 2 569
214 2 618
214 2 656
215 2 764
215 2 591
216 2 628
216 2 618
216 2 765
217 2 766
217 2 767
217 2 768
218 2 750
218 2 720
219 2 769
219 2 590
219 2 575
220 2 770
220 2 672
220 2 709
220 2 623
221 2 771
221 2 772
221 2 570
222 2 773
222 2 774
301 2 628
302 2 577
302 2 562
302 2 695
303 2 775
303 2 590
303 2 562
304 2 776
304 2 664
304 2 760
304 2 642
304 2 613
304 2 663
304 2 737
304 2 614
304 2 615
304 2 662
305 2 777
305 2 591
271 2 591
271 2 778
272 2 779
272 2 780
272 2 583
272 2 781
272 2 732
272 2 782
272 2 783
273 2 784
273 2 656
273 2 618
273 2 608
274 2 785
274 2 786
275 2 787
275 2 562
276 2 593
276 2 590
276 2 575
277 2 788
277 2 662
278 2 789
278 2 790
278 2 682
278 2 791
278 2 575
278 2 792
279 2 793
279 2 732
280 2 794
280 2 707
280 2 737
280 2 795
281 2 796
281 2 663
281 2 797
281 2 737
281 2 672
282 2 798
282 2 661
282 2 642
282 2 799
282 2 711
282 2 580
247 2 578
247 2 662
247 2 613
248 2 800
248 2 801
249 2 802
249 2 803
223 2 804
223 2 805
223 2 590
223 2 564
224 2 806
224 2 562
225 2 807
225 2 562
226 2 808
226 2 809
226 2 770
226 2 810
226 2 618
227 2 598
227 2 562
228 2 811
229 2 642
229 2 812
230 2 663
230 2 760
230 2 813
231 2 814
231 2 815
232 2 592
232 2 710
232 2 616
232 2 700
232 2 816
233 2 817
233 2 562
234 2 597
234 2 603
234 2 573
234 2 728
235 2 581
235 2 691
236 2 789
236 2 818
237 2 656
237 2 618
237 2 819
238 2 820
238 2 695
238 2 760
238 2 613
238 2 603
238 2 615
239 2 821
239 2 621
283 2 733
283 2 672
283 2 568
283 2 628
283 2 737
284 2 822
284 2 591
285 2 729
285 2 767
285 2 762
286 2 653
287 2 823
287 2 661
287 2 590
287 2 608
287 2 591
288 2 824
288 2 825
288 2 826
288 2 827
288 2 828
288 2 829
288 2 830
288 2 831
288 2 714
289 2 832
289 2 833
289 2 590
290 2 600
290 2 834
290 2 835
290 2 590
290 2 836
290 2 732
291 2 714
291 2 579
291 2 837
292 2 838
292 2 591
293 2 580
293 2 621
294 2 570
295 2 839
296 2 760
296 2 695
296 2 678
297 2 840
297 2 602
297 2 655
297 2 618
297 2 608
297 2 594
298 2 841
298 2 614
298 2 642
298 2 842
299 2 576
299 2 668
299 2 710
300 2 579
300 2 581
300 2 680
183 2 605
183 2 604
183 2 843
184 2 823
184 2 844
185 2 568
185 2 819
185 2 845
185 2 846
185 2 655
186 2 847
186 2 848
105 2 849
105 2 621
105 2 728
106 2 850
106 2 700
107 2 851
108 2 569
108 2 852
108 2 618
108 2 853
108 2 575
109 2 615
109 2 854
109 2 591
109 2 608
109 2 655
110 2 855
110 2 562
111 2 770
111 2 856
112 2 737
112 2 857
112 2 662
113 2 858
113 2 859
113 2 695
114 2 706
114 2 774
115 2 860
115 2 830
115 2 663
115 2 716
115 2 861
115 2 580
115 2 862
115 2 863
115 2 760
115 2 864
115 2 615
115 2 662
116 2 865
116 2 576
116 2 736
117 2 866
117 2 591
132 2 609
133 2 839
133 2 621
133 2 867
133 2 730
134 2 843
134 2 575
134 2 581
134 2 769
134 2 800
134 2 868
134 2 869
135 2 870
135 2 871
136 2 661
136 2 789
136 2 859
137 2 872
137 2 873
138 2 874
138 2 875
138 2 876
138 2 608
139 2 877
139 2 661
139 2 608
140 2 878
140 2 879
140 2 880
141 2 638
141 2 581
141 2 655
141 2 564
141 2 594
142 2 881
142 2 581
143 2 581
143 2 591
143 2 882
144 2 862
144 2 613
144 2 823
145 2 820
145 2 695
145 2 570
150 2 883
150 2 884
151 2 600
151 2 885
152 2 886
152 2 642
152 2 658
152 2 760
152 2 887
152 2 888
152 2 615
153 2 889
153 2 859
154 2 789
154 2 890
154 2 614
154 2 859
155 2 891
155 2 562
156 2 578
156 2 734
156 2 661
156 2 892
156 2 617
156 2 700
156 2 893
156 2 894
156 2 859
157 2 588
158 2 599
158 2 562
159 2 895
160 2 597
160 2 896
160 2 728
161 2 897
161 2 695
161 2 898
161 2 621
162 2 899
162 2 900
162 2 581
162 2 874
162 2 591
162 2 869
163 2 604
163 2 737
163 2 901
163 2 902
163 2 780
164 2 629
164 2 591
164 2 903
164 2 901
164 2 804
164 2 581
165 2 904
165 2 905
165 2 612
165 2 613
165 2 614
165 2 590
166 2 604
166 2 596
166 2 901
166 2 713
167 2 752
167 2 906
167 2 769
167 2 830
167 2 800
167 2 859
168 2 604
168 2 708
168 2 731
118 2 907
119 2 843
120 2 907
120 2 618
120 2 908
121 2 909
121 2 735
121 2 591
122 2 666
122 2 591
122 2 910
123 2 911
123 2 612
123 2 660
123 2 737
123 2 658
123 2 614
123 2 613
123 2 615
123 2 662
124 2 912
124 2 913
124 2 568
125 2 771
125 2 695
125 2 914
126 2 769
126 2 915
126 2 562
127 2 771
127 2 833
127 2 621
128 2 592
128 2 916
128 2 590
129 2 735
129 2 564
130 2 917
130 2 662
130 2 695
130 2 613
130 2 614
131 2 878
131 2 649
131 2 642
131 2 613
131 2 760
131 2 615
131 2 662
146 2 918
146 2 667
146 2 919
147 2 920
147 2 731
147 2 774
148 2 595
148 2 700
148 2 616
148 2 921
148 2 592
149 2 578
149 2 922
169 2 923
169 2 924
169 2 925
169 2 926
170 2 682
170 2 608
170 2 581
170 2 726
171 2 927
171 2 928
171 2 562
172 2 682
172 2 591
172 2 706
172 2 581
173 2 929
173 2 930
173 2 608
173 2 578
173 2 597
174 2 931
174 2 590
175 2 860
175 2 765
176 2 932
176 2 621
176 2 933
177 2 934
177 2 898
177 2 666
177 2 575
178 2 935
179 2 936
179 2 937
180 2 938
180 2 606
181 2 699
182 2 939
182 2 940
53 2 941
53 2 930
53 2 564
54 2 942
54 2 735
55 2 941
55 2 943
56 2 944
56 2 591
57 2 945
58 2 597
58 2 946
59 2 947
59 2 948
60 2 940
60 2 689
60 2 949
60 2 819
60 2 950
60 2 951
61 2 952
61 2 673
62 2 662
62 2 953
62 2 623
63 2 569
63 2 954
64 2 955
64 2 642
64 2 618
64 2 956
65 2 678
65 2 957
66 2 958
66 2 959
66 2 562
66 2 960
67 2 590
67 2 961
68 2 603
68 2 580
68 2 960
68 2 562
69 2 962
69 2 591
70 2 955
70 2 737
70 2 960
71 2 568
72 2 963
72 2 960
73 2 964
73 2 960
73 2 965
74 2 578
75 2 668
75 2 728
76 2 966
76 2 666
76 2 749
76 2 575
77 2 642
77 2 881
77 2 737
77 2 695
78 2 967
78 2 591
79 2 683
79 2 583
79 2 960
80 2 626
80 2 968
80 2 969
80 2 970
80 2 971
80 2 972
80 2 948
81 2 771
81 2 695
81 2 562
82 2 973
82 2 608
83 2 974
83 2 975
83 2 575
83 2 749
83 2 853
84 2 591
84 2 697
85 2 695
85 2 976
85 2 869
85 2 977
86 2 978
87 2 649
87 2 613
87 2 760
87 2 979
87 2 642
87 2 614
87 2 615
87 2 662
88 2 861
88 2 613
88 2 660
88 2 663
88 2 980
88 2 981
88 2 948
88 2 963
88 2 657
88 2 982
88 2 597
88 2 615
89 2 638
89 2 603
89 2 608
89 2 747
89 2 666
89 2 869
89 2 575
90 2 972
90 2 936
90 2 983
90 2 606
90 2 747
90 2 960
91 2 936
91 2 581
91 2 591
91 2 732
91 2 628
91 2 984
91 2 749
92 2 691
92 2 985
93 2 603
93 2 963
93 2 657
93 2 737
93 2 581
94 2 594
94 2 617
94 2 590
94 2 591
94 2 628
95 2 986
95 2 695
96 2 603
96 2 570
96 2 987
97 2 988
97 2 989
97 2 702
98 2 663
98 2 760
98 2 878
98 2 613
98 2 642
98 2 614
98 2 990
98 2 590
99 2 991
100 2 668
100 2 682
101 2 992
101 2 929
102 2 894
102 2 877
102 2 961
102 2 993
102 2 749
102 2 994
102 2 995
102 2 869
103 2 758
103 2 695
103 2 608
103 2 708
103 2 960
103 2 869
104 2 996
104 2 997
104 2 618
104 2 749
104 2 591
104 2 950
104 2 596
104 2 602
0 3 998
0 3 999
1 3 1000
1 3 1001
2 3 1002
2 3 1003
3 3 1004
3 3 1005
4 3 1006
4 3 1007
5 3 1008
5 3 1009
6 3 1010
6 3 1011
7 3 1010
7 3 1012
8 3 1013
8 3 1014
9 3 1015
9 3 1016
10 3 1017
10 3 1018
11 3 1019
11 3 1020
12 3 1021
12 3 1022
13 3 1023
13 3 1024
14 3 1025
14 3 1026
15 3 1027
15 3 1028
16 3 1029
16 3 1030
17 3 1031
17 3 1032
18 3 1010
18 3 1033
19 3 1034
19 3 1035
20 3 1036
20 3 1037
21 3 1038
21 3 1039
22 3 1040
22 3 1041
23 3 1042
23 3 1043
24 3 1044
24 3 1012
25 3 1045
25 3 1046
26 3 1047
26 3 1048
27 3 1049
27 3 1050
28 3 1051
28 3 1052
29 3 1010
29 3 1053
30 3 1054
30 3 1055
31 3 1056
31 3 1057
32 3 1058
32 3 1014
33 3 1044
33 3 1059
34 3 1060
34 3 1061
35 3 1062
35 3 1063
36 3 1064
36 3 1065
37 3 1066
37 3 1031
38 3 1007
38 3 1067
39 3 1068
39 3 1069
40 3 1007
40 3 1070
41 3 1071
41 3 1072
42 3 1073
42 3 1074
43 3 1075
43 3 1076
44 3 1077
44 3 1078
45 3 1079
45 3 1080
46 3 1081
46 3 1014
47 3 1082
47 3 1083
48 3 1084
48 3 1085
49 3 1086
49 3 1087
50 3 1088
50 3 1012
51 3 1075
51 3 1089
52 3 1040
52 3 1090
53 3 1010
53 3 1091
54 3 1092
54 3 1093
55 3 1094
55 3 1095
56 3 1010
56 3 1096
57 3 1067
57 3 1097
58 3 1098
58 3 1093
59 3 1099
59 3 1100
60 3 1101
60 3 1102
61 3 1103
61 3 1104
62 3 1078
62 3 1105
63 3 1086
63 3 1106
64 3 1007
64 3 1087
65 3 1007
65 3 1027
66 3 1107
66 3 1108
67 3 1109
67 3 1110
68 3 1111
68 3 1112
69 3 1113
69 3 1114
70 3 1115
70 3 1007
71 3 1116
71 3 1117
72 3 1118
72 3 1119
73 3 1087
73 3 1120
74 3 1075
74 3 1121
75 3 1026
75 3 1122
76 3 1123
76 3 1124
77 3 1125
77 3 1126
78 3 998
78 3 1128
79 3 1129
79 3 1130
80 3 1007
80 3 1057
81 3 1131
81 3 1132
82 3 1133
82 3 1134
83 3 1135
83 3 1136
84 3 1137
84 3 1138
85 3 1139
85 3 1140
86 3 1141
86 3 1142
87 3 1143
87 3 1144
88 3 1145
88 3 1146
89 3 1143
89 3 1147
90 3 1148
90 3 1149
91 3 1150
91 3 1110
92 3 1151
92 3 1152
93 3 1153
93 3 1154
94 3 1155
94 3 1074
95 3 1156
95 3 1157
96 3 1158
96 3 1159
97 3 1160
97 3 1141
98 3 1161
98 3 1162
99 3 1163
99 3 1069
100 3 1125
100 3 1110
101 3 1164
101 3 1165
102 3 1166
102 3 1167
103 3 1168
103 3 1002
104 3 1074
104 3 1169
105 3 1075
105 3 1137
106 3 1010
106 3 1170
107 3 1026
107 3 1171
108 3 1087
108 3 1172
109 3 1173
109 3 1174
110 3 1031
110 3 1175
111 3 1110
111 3 1176
112 3 1177
112 3 1178
113 3 1166
113 3 1179
114 3 1180
114 3 1181
115 3 1143
115 3 1182
116 3 1183
116 3 1184
117 3 1185
117 3 1186
118 3 1187
118 3 1188
119 3 1010
119 3 1189
120 3 1187
120 3 1188
121 3 1190
121 3 1007
122 3 1191
122 3 1192
123 3 1125
123 3 1049
124 3 1193
124 3 1194
125 3 1195
125 3 1196
126 3 1197
126 3 1198
127 3 1131
127 3 1199
128 3 1200
128 3 1201
129 3 1202
129 3 1203
130 3 1204
130 3 1205
131 3 1206
131 3 1125
132 3 1075
132 3 1044
133 3 1075
133 3 1207
134 3 1208
134 3 1209
135 3 1010
135 3 1210
136 3 1211
136 3 1212
137 3 1010
137 3 1213
138 3 1214
138 3 1215
139 3 1211
139 3 1212
140 3 1216
140 3 1217
141 3 1056
141 3 1102
142 3 1218
142 3 1219
143 3 1026
143 3 1220
144 3 1007
144 3 1199
145 3 1056
145 3 1221
146 3 1026
146 3 1222
147 3 1223
147 3 1224
148 3 1225
148 3 1226
149 3 1227
149 3 1094
150 3 1010
150 3 1228
151 3 1069
151 3 1229
152 3 1040
152 3 1074
153 3 1230
153 3 1231
154 3 1179
154 3 1232
155 3 1233
155 3 1234
156 3 1235
156 3 1236
157 3 1237
157 3 1238
158 3 1075
158 3 1006
159 3 1026
159 3 1217
160 3 1239
160 3 1240
161 3 1241
161 3 1000
162 3 1242
162 3 1243
163 3 1244
163 3 1245
164 3 1246
164 3 1242
165 3 1247
165 3 1248
166 3 1112
166 3 1249
167 3 1250
167 3 1251
168 3 1252
168 3 1253
169 3 1254
169 3 1255
170 3 1256
170 3 1257
171 3 1258
171 3 1259
172 3 1260
172 3 1110
173 3 1261
173 3 1262
174 3 1263
174 3 1264
175 3 1265
175 3 1266
176 3 1125
176 3 1267
177 3 1268
177 3 1269
178 3 1270
178 3 1162
179 3 1271
179 3 1272
180 3 1273
180 3 1274
181 3 1275
181 3 1276
182 3 1185
182 3 1277
183 3 1010
183 3 1278
184 3 1031
184 3 1023
185 3 1279
185 3 1074
186 3 1207
186 3 1065
187 3 1280
187 3 1281
188 3 1282
188 3 1283
189 3 1284
189 3 1145
190 3 1282
190 3 1285
191 3 1286
191 3 1287
192 3 1288
192 3 1289
193 3 1290
193 3 1247
194 3 1291
194 3 1292
195 3 1293
195 3 1010
196 3 1294
196 3 1295
197 3 1296
197 3 1297
198 3 1298
198 3 1057
199 3 1299
199 3 1300
200 3 1074
200 3 1055
201 3 1301
201 3 1302
202 3 1303
202 3 1304
203 3 1305
203 3 1250
204 3 1306
204 3 1307
205 3 1308
205 3 1309
206 3 1310
206 3 1311
207 3 1010
207 3 1312
208 3 1101
208 3 1069
209 3 1313
209 3 1010
210 3 1314
210 3 1212
211 3 1315
211 3 1143
212 3 1316
212 3 1218
213 3 1125
213 3 1317
214 3 1318
214 3 1044
215 3 1137
215 3 1319
216 3 1320
216 3 1321
217 3 1322
217 3 1323
218 3 1324
218 3 1325
219 3 1326
219 3 1327
220 3 1117
220 3 1328
221 3 1329
221 3 1330
222 3 1331
222 3 1332
223 3 1333
223 3 1334
224 3 1094
224 3 1255
225 3 1335
225 3 1336
226 3 1337
226 3 1338
227 3 1188
227 3 1004
228 3 1087
228 3 1007
229 3 1150
229 3 1154
230 3 1339
230 3 1340
231 3 1341
231 3 1007
232 3 1342
232 3 1343
233 3 1344
233 3 1345
234 3 1074
234 3 1346
235 3 1347
235 3 1173
236 3 1348
236 3 1349
237 3 1026
237 3 1350
238 3 1125
238 3 1351
239 3 1185
239 3 1352
240 3 1353
240 3 1354
241 3 1355
241 3 1125
242 3 1074
242 3 1212
243 3 1125
243 3 1075
244 3 1316
244 3 1356
245 3 1357
245 3 1286
246 3 1358
246 3 1075
247 3 1359
247 3 1360
248 3 1058
248 3 1361
249 3 1362
249 3 1363
250 3 1364
250 3 1365
251 3 1010
251 3 1007
252 3 1366
252 3 1345
253 3 1010
253 3 1010
254 3 1367
254 3 1368
255 3 1137
255 3 1369
256 3 1370
256 3 1148
257 3 1371
257 3 1372
258 3 1373
258 3 1374
259 3 1074
259 3 1375
260 3 1376
260 3 1377
261 3 1378
261 3 1379
262 3 1380
262 3 1381
263 3 1382
263 3 1132
264 3 1383
264 3 1112
265 3 1384
265 3 1057
266 3 1110
266 3 1385
267 3 1386
267 3 1387
268 3 1388
268 3 1389
269 3 1390
269 3 1218
270 3 1391
270 3 1392
271 3 1393
271 3 1394
272 3 1395
272 3 1396
273 3 1397
273 3 1398
274 3 1399
274 3 1400
275 3 1096
275 3 1010
276 3 1401
276 3 1402
277 3 1403
277 3 1404
278 3 1405
278 3 1406
279 3 1407
279 3 1408
280 3 1077
280 3 1409
281 3 1179
281 3 1410
282 3 1003
282 3 1411
283 3 1412
283 3 1391
284 3 1380
284 3 1413
285 3 1414
285 3 1254
286 3 1057
286 3 1125
287 3 1415
287 3 1160
288 3 1416
288 3 1010
289 3 1417
289 3 1418
290 3 1419
290 3 1420
291 3 1421
291 3 1074
292 3 1422
292 3 1423
293 3 1424
293 3 1425
294 3 1141
294 3 1210
295 3 1426
295 3 1427
296 3 1074
296 3 1195
297 3 1044
297 3 1148
298 3 1428
298 3 1195
299 3 1429
299 3 1007
300 3 1430
300 3 1246
301 3 1431
301 3 1207
302 3 1057
302 3 1432
303 3 1246
303 3 1007
304 3 1433
304 3 1044
305 3 1195
305 3 1434
306 3 1195
306 3 1195
307 3 1434
307 3 1195
308 3 1434
308 3 1195
309 3 1435
309 3 1436
310 3 1437
310 3 1188
311 3 1010
311 3 1438
312 3 1102
312 3 1439
313 3 1075
313 3 1440
314 3 1441
314 3 1442
315 3 1162
315 3 1443
316 3 1444
316 3 1069
317 3 1445
317 3 1102
318 3 1075
318 3 1446
319 3 1447
319 3 1448
320 3 1254
320 3 1449
321 3 1450
321 3 1412
322 3 1451
322 3 1452
323 3 1453
323 3 1454
324 3 1455
324 3 1456
325 3 1457
325 3 1075
326 3 1458
326 3 1459
327 3 1132
327 3 1316
328 3 1112
328 3 1286
329 3 1125
329 3 1460
330 3 1461
330 3 1462
331 3 1300
331 3 1463
332 3 1464
332 3 1465
333 3 1402
333 3 1466
334 3 1074
334 3 1467
335 3 1468
335 3 1394
336 3 1018
336 3 1069
337 3 1469
337 3 1131
338 3 1010
338 3 1057
339 3 1074
339 3 1470
340 3 1471
340 3 1472
341 3 1473
341 3 1474
342 3 1462
342 3 1455
343 3 1475
343 3 1462
344 3 1476
344 3 1299
345 3 1477
345 3 1478
346 3 1479
346 3 1480
347 3 1481
347 3 1057
348 3 1473
348 3 1102
349 3 1482
349 3 1057
350 3 1242
350 3 1483
351 3 1449
351 3 1484
352 3 1351
352 3 1485
353 3 1486
353 3 1487
354 3 1488
354 3 1118
355 3 1489
355 3 1490
356 3 1491
356 3 1492
357 3 1493
357 3 1494
358 3 1495
358 3 1496
359 3 1497
359 3 1498
360 3 1418
360 3 1499
361 3 1500
361 3 1501
362 3 1502
362 3 1503
363 3 1504
363 3 1505